
%% Set up state space model
A = [-0.322 0.052 0.028 -1.12   0.002;
     0      0     1     -0.001  0;
     -10.6  0     -2.87 0.46    -0.65;
     6.87   0     -0.04 -0.32   -0.02;
     0      0     0     0       -10
     ];
B = [0 0 0 0 10]';
C = [0 0 0 1 0;
     0 0 1 0 0;
     1 0 0 0 0;
     0 1 0 0 0];

%Initial - beta, phi, p, r, delta_a
x0 =       [0    0    0  0  0];

